10006
10007
10010
10011
10012
10017
10018
10020
10021
10026
1003
10032
10044
10062
10067
1007
10070
10077
10089
10096
10098
101
1010
10109
10118
1012
10120
10129
1013
10130
10134
10142
10151
10161
10170
10175
10185
10188
10192
10193
10194
10205
10208
10209
10214
1022
10223
10225
10226
10228
1023
10234
10241
10261
10263
10264
10266
10273
10276
1028
1029
10293
10298
10306
10307
10309
10312
10320
10333
10337
10338
10340
10344
10350
10359
10360
10368
10369
10370
10373
10377
1038
10385
1039
10390
104
10406
10416
10419
10422
10424
10439
1044
10440
10442
10445
1045
10460
10469
1047
10479
1048
10480
10485
10496
10497
10499
10502
10504
10511
1052
10544
10545
10549
10553
10558
10560
10563
10570
10580
10584
10586
10595
10601
1061
10613
10616
1062
10625
10628
10637
10643
10647
1065
10650
10659
10660
10665
10666
10668
10671
10673
10677
10687
10690
10692
10697
10703
10705
10709
10712
10713
10719
1072
10721
10727
10740
10750
10754
10761
10765
10768
10776
10779
10783
10785
1079
108
10802
10807
10812
10819
10822
10830
10835
10840
10843
10845
1085
10851
10852
1086
10861
10867
10869
1087
10870
10882
10885
10886
10887
10888
10889
10895
10908
10913
10931
10933
10940
10941
10949
10953
10963
10966
10968
10972
10977
10979
1098
10984
110
11009
1101
11012
11016
11017
11036
11042
11045
11049
11053
11054
11059
1106
11062
11064
11072
11073
11079
1108
11091
111
11108
11111
11115
11126
11128
11130
11137
11140
11142
11144
11155
11160
11175
11179
11180
11185
11186
1119
11195
11199
11200
11201
11205
11211
11216
11223
11229
1123
11232
11233
1124
11243
11246
11248
11252
11253
11254
11257
1126
11263
11264
11266
11267
11275
11279
11282
11294
11299
113
11305
11309
1132
11322
11326
11327
1134
11340
11342
11347
11349
11358
11361
11369
11370
11371
11387
1139
11392
11394
11395
1140
11411
1142
11432
11436
11437
11445
11463
11474
11477
11479
11483
11489
11495
115
11505
11507
11513
11514
11522
11523
11524
11526
11534
11535
11536
11540
11566
11568
11573
11574
11575
11577
11579
11582
11585
11596
11608
1161
11618
11619
1162
11620
11626
11632
11633
11642
11646
11650
11652
11655
11656
11662
11668
11672
11675
11677
1168
11681
11690
11691
11696
11699
117
11715
11717
11723
11726
11735
11740
11747
11750
11755
1176
11763
1177
11772
11775
11778
11779
11783
11788
11789
11791
11793
11804
11806
11811
11814
1182
11821
11823
11827
11842
11846
11859
11860
11863
1187
11884
11891
11893
1190
1191
11916
11919
1192
11921
11925
11938
11944
11946
11950
11952
11953
11956
1196
11960
11962
11964
11977
11981
11988
11989
11991
12003
12006
12010
12011
12017
12025
12028
12041
12055
12058
1206
12063
12067
12085
12086
12087
12088
1210
12101
12103
12112
12113
12117
12123
12129
12131
12140
12150
12154
12159
12166
12172
12178
12179
12191
12195
12216
12220
12230
12234
12240
12247
12251
12252
12253
12256
12257
12258
12270
12276
12277
12288
12292
12297
12302
12320
12329
12331
12333
12343
12357
12360
12363
12367
12369
12373
12374
12380
12383
12388
12390
12395
12396
12403
12404
12407
12410
12418
12425
12428
12429
12431
12444
12445
12447
12451
12461
12466
12467
12468
12469
12470
12471
12473
12478
12487
12498
12500
12509
12514
12519
1252
12525
12546
12550
12551
12557
12561
12568
1257
12572
12574
12577
12583
1259
12598
12599
126
12618
12622
12624
1263
12635
12638
12645
12648
12655
1266
12664
12668
12672
12674
12678
12680
12690
12691
12696
12700
12711
12718
12725
12728
12736
12737
12738
1274
12746
12750
12751
1276
12760
12763
12764
1278
12790
12792
12803
12807
12817
12818
12828
12838
12842
12856
12864
12867
12869
12874
12881
12884
12899
129
12900
12904
12906
12910
12942
12947
12951
12954
12955
12956
12960
12961
12962
12963
12972
12975
12977
12985
130
13007
13008
1301
13010
13012
13017
13030
13034
13040
13048
13064
13073
13078
13079
13082
13083
13085
13091
13094
13097
131
13102
13104
13106
13110
13111
13116
13121
13122
1313
13137
1314
13140
13144
13150
13151
13158
1316
13180
13186
13189
1319
13192
13193
13194
13195
13205
13216
13222
13225
13227
1323
13233
13241
13249
13250
13252
13254
13270
13282
1329
13292
13296
13299
1330
13306
13308
13328
13333
1334
13361
13362
13364
13369
1337
13376
13380
13384
13385
13393
13395
13399
13404
13414
13423
13424
13432
13449
13455
13456
1346
13468
13471
13478
13486
13494
13499
135
13507
13513
13523
13525
13528
13530
13534
13539
1354
13550
13558
13559
13562
13570
13572
13575
1358
13589
1359
13600
13611
13618
13619
13628
13630
13633
13635
13637
13643
13651
13654
13657
13659
13666
13668
13669
1367
13673
13674
13675
13676
13678
13679
13683
13685
13691
13695
13696
13699
1371
13712
13716
13720
13727
13736
13744
13745
13746
13751
13752
13753
13754
13758
13760
13766
13772
13777
1378
13780
13789
1379
13790
13791
13795
13798
13808
13812
13814
13815
1382
13820
13823
13824
13826
1384
13842
13845
13849
1385
13855
13860
13868
13870
13872
13875
13877
13890
13902
13908
13932
13942
13950
13951
13958
13959
13962
13963
13964
1397
13970
13978
13989
13990
13993
13995
13998
14003
14010
14013
14014
14015
14017
14018
14019
14021
14023
14025
14029
1403
14035
14040
14046
14055
14060
14073
14074
14076
14078
14082
14088
1409
14097
14102
14103
14117
14119
1412
14122
14124
14131
14134
14135
14139
14146
14147
14157
14160
14170
14174
1418
14189
14198
14199
14205
14207
1421
14211
14212
14229
14231
14239
14242
14246
14247
14254
14259
14264
14265
14266
14278
14279
1428
14281
1429
14313
14324
14330
14331
14334
14337
14345
14346
14348
14359
14365
14384
14385
14393
144
14404
14405
14407
14409
14418
14429
14432
14439
14441
14443
14453
14455
1446
14460
14461
14468
14470
14473
14474
14485
14486
14492
14494
14495
145
14506
14511
14518
14521
14523
14525
14526
14532
14533
14536
14538
14541
14544
14545
14550
14559
14569
14577
14579
14581
14585
14586
14587
14588
14590
14600
14604
14609
14612
14620
14625
14628
14629
14630
14631
14638
14639
14642
14648
14649
1465
14656
14657
14661
14672
14687
14688
14689
14690
14691
14693
14706
14707
14708
14711
14713
14728
14729
14730
14736
14743
14746
14756
14759
14761
14763
14778
14784
14788
14791
14806
1481
14819
14820
14821
14822
14829
14834
14835
14837
1485
14853
14866
14867
14868
14873
14874
14880
14882
14883
14889
14892
14895
14900
14907
14911
14913
14916
14918
14920
14921
14922
14924
14941
14942
14944
14949
14959
14970
14972
14980
14982
14986
14989
1499
14997
14998
15000
15002
15007
15008
15009
15010
15017
15018
15023
15031
15037
15038
15051
15054
15057
15060
15063
15069
1507
15071
15073
15077
1508
15084
15086
15089
15092
15094
15095
15106
15110
15112
15116
15127
15129
15130
15136
15145
15146
15148
15155
15160
15164
15166
1517
15173
15175
15179
15184
15190
15201
15203
15207
15209
15217
15226
15230
15238
15247
1525
1526
15275
15283
15291
15292
15293
15294
15296
15302
15305
15307
15308
15310
15312
15314
1532
15320
15331
15339
15342
15344
15352
15355
15360
15361
15366
1537
1538
15381
15383
15385
15391
15396
154
15409
15415
15416
15417
15421
15422
15435
15439
1544
15445
1545
15456
15462
15469
15474
15476
15478
15479
15483
15486
15494
1550
15503
15504
15512
15514
15520
15522
15524
15525
15535
15549
15552
15557
15565
15569
15582
15587
15597
15598
1560
15602
15609
1561
15611
15624
15632
15635
15637
15646
15647
15655
15656
15657
15674
15677
15680
15687
15692
15696
15704
15705
15709
15714
1572
15721
15723
15726
15727
15728
15733
15736
15737
15738
1574
15741
15748
1575
15750
15758
15765
15769
15778
15780
15787
15790
15794
1580
15801
15812
15814
15815
15823
15827
1584
15841
15848
15855
15856
15864
15865
15866
15867
15871
15873
15874
15878
1589
15891
15896
15900
15914
15919
1592
15922
15923
15924
15927
15929
15932
15933
15946
15948
15959
15968
15970
15984
15986
1599
15992
15998
16005
16006
16008
16009
16010
16018
16026
16032
16048
16054
1606
16063
16074
16085
16093
16100
1611
16113
16116
16120
16126
16130
16136
16144
16146
16149
16150
16156
16158
16159
16163
1617
16170
16173
16179
1618
16183
16186
16189
16190
16192
162
16200
16201
16206
16207
16208
16212
16218
16222
16235
16245
16252
16253
16254
16259
16260
16261
16263
16268
16269
16270
16273
16282
16287
16290
16300
16304
16313
16322
16327
16335
16339
16342
16347
16349
16351
16354
16355
16357
1636
16367
16368
16370
16372
16384
16387
1639
16392
16393
16397
16399
16400
16407
16408
16417
16420
16424
16426
16433
16434
16442
16447
1645
16450
16467
16474
16478
16487
16489
16493
16498
16501
16502
16503
16505
16506
16516
16517
16524
16526
16530
16538
16544
16550
16552
1656
16562
16568
16571
16576
16577
16586
16597
16600
16616
16618
16619
16626
16628
16635
16636
1664
16644
1665
16653
16664
1667
16677
16678
1668
16681
16684
16685
16688
16691
16699
16729
16739
1674
16740
16743
16744
16749
16750
16753
16761
16766
16771
16772
16777
16779
16788
16795
16796
16798
16799
16801
16810
16811
16813
16823
16831
16836
16837
16841
16851
16852
16855
16856
16857
16860
16862
16864
16867
16868
16873
16874
16883
16898
16913
16915
16918
16926
16931
16933
16934
16939
1694
16941
16942
16944
16948
16949
16952
16954
16955
16963
16975
16979
16988
16993
16996
16999
17
1700
17008
17009
17018
17020
17025
17028
17044
17045
1706
17063
17065
17073
1709
17099
17107
1711
17114
17115
17121
17126
1714
1715
17155
17167
17173
17174
17184
17190
17191
17225
17230
17232
17236
17248
17259
17268
17281
17294
17297
17299
173
17305
1732
17323
17332
17335
17337
17346
17353
17355
17366
17373
17394
17396
17400
17402
1741
17411
17412
17419
17427
17435
1744
17446
1745
17463
1747
17471
17488
17489
17508
17522
17528
1754
17550
17564
17587
17588
17590
17602
17603
17604
17607
17613
17626
17631
17645
17650
17652
17654
17661
17667
17669
17672
17686
17696
1770
17700
17704
17732
17740
17741
1775
17761
17763
17773
17778
17781
17783
17786
1780
17809
17830
17832
17853
17854
17858
17859
17877
17881
17885
17889
17902
17905
1792
17928
17931
17933
17943
17944
17948
1795
17951
17952
17956
17958
1796
17977
17988
1799
17999
18
18000
18004
18006
18014
18042
18055
18088
18095
181
18109
18110
1812
18124
18134
18136
18137
18151
18152
18156
18162
18164
18173
18176
18177
18184
18188
18193
18198
18202
18217
18219
18220
1823
18246
18250
18259
1826
18263
18268
18292
18303
18311
18318
18323
18328
1833
18337
18348
18349
1835
18356
18364
18365
18370
18372
18373
18379
18382
18386
18389
18394
18405
18416
18427
18437
18445
18452
18456
18459
18476
18483
18505
18516
18519
1853
18537
18538
18545
18553
18557
18567
18575
18576
18578
18579
1858
1859
18590
18602
18607
18629
1863
18634
18638
18639
1864
18640
18641
18642
18649
18678
18683
18691
18698
18715
18717
18723
18765
18768
18773
18792
188
18804
18805
18806
18812
18815
18825
1883
18848
18863
18867
18869
18873
18875
18893
18895
18901
18915
18917
18922
18923
18924
18969
18971
18974
18989
19002
19014
1902
19021
19027
19031
19037
19038
19042
19048
19056
1906
19072
19076
19085
19104
19105
19107
19117
19130
19138
19147
19148
19154
19164
19187
192
1920
19205
19208
19219
19229
19231
1924
19245
19248
19250
19258
19259
19261
19265
19268
1927
19278
19279
19284
19289
19303
19305
19308
19315
19327
19329
19331
19349
19354
19357
19370
19374
19375
19378
1938
19392
19393
19398
19399
1940
19424
19425
1943
19431
19447
1945
19450
19455
19459
1946
19471
19478
1948
19484
19491
195
19503
19507
19518
1952
19520
1953
19531
1954
19540
19544
19547
1955
19559
19564
19565
19568
19569
19577
19587
19588
19604
19607
19617
19622
19633
19637
19645
19654
19656
19668
19677
19683
19691
19692
19696
19701
19703
19711
19712
19723
19724
19730
19732
19740
19744
19747
1975
19751
19757
1976
19767
19769
1977
19770
19773
19774
19785
19799
198
19802
19807
19819
19828
19831
19835
19839
19848
19849
19850
19860
19870
19876
19892
19897
19908
19911
19912
19933
19938
19951
19965
19966
19968
19972
19982
1999
19996
19997
20
20002
2001
20011
2002
20022
20032
20045
20050
20061
20064
20066
2007
20072
20076
20087
2009
20096
20099
20105
20107
2011
20114
20115
20118
20124
20126
20129
20138
20142
20145
20157
20170
20175
20185
20192
20193
20209
2022
20221
20232
20239
20241
20242
20243
20253
20257
20258
20264
20267
20272
2028
20284
20285
20289
20299
20305
20307
20312
20317
2032
20331
20334
2034
20345
20349
20353
20355
20357
20374
20376
20378
20384
20387
20392
204
20403
20408
20409
2042
20420
20427
20434
2044
20441
20442
20454
20456
20462
20476
20478
20482
20492
20505
20513
2052
20520
20525
20526
20527
20535
20540
20541
20544
20546
20549
20550
20561
20565
20573
20575
20579
2058
20588
20603
20604
20618
20623
20624
20646
20650
20659
20687
2069
20692
2070
20705
20708
20716
2072
20738
20739
20740
20746
20750
20758
2076
20761
20762
20785
20797
2081
20813
20818
2083
20843
20844
20845
20847
20854
2086
20864
20877
20881
20891
2091
20936
20937
20939
20941
20955
20963
20969
20991
20994
21003
21009
21010
21014
21015
21022
21023
21026
21031
21046
21061
21063
21065
21067
21074
21083
21089
21096
21108
2111
21111
21113
21119
21130
21141
21143
21144
21145
21147
2115
21151
21177
21183
212
21211
21214
21218
2123
21232
21235
21238
21241
21258
21267
21283
2129
21296
21300
2131
21319
21327
21332
21333
21336
21339
2134
21340
21348
21352
21374
2139
21403
21407
21431
21440
21445
2145
21475
21477
21482
21490
215
21502
21516
21518
2152
21527
21537
21547
21550
21553
21555
21557
21558
21576
21583
21585
2160
21604
2161
21613
21617
21620
21630
21634
21642
21660
21671
21681
21701
21703
21704
21711
21716
21726
21732
21733
21735
21778
21783
21787
21789
21793
21795
21811
21820
21821
21824
21842
21846
21853
21860
21864
21874
21875
21888
21889
21890
21894
21910
21917
21924
21934
21948
21953
21957
21960
21964
2197
21979
21986
21999
22
22009
22010
22020
22030
22048
22055
22060
22064
22071
2208
22081
22085
22096
22102
22109
22114
2212
22120
2213
22137
2214
22147
2215
22165
22171
22172
22173
22183
22190
22191
22201
22207
22208
22236
22237
2224
22241
22243
22244
2225
22257
2226
22260
22267
22271
22276
22280
22286
2231
22311
22316
22318
22330
22333
22348
2236
22371
22377
2238
22382
22385
22397
224
22406
22412
22413
2242
22421
22427
22435
22437
22438
22440
22449
22456
22461
22496
22497
22500
22506
22510
22535
22540
22543
22545
22546
22551
22559
22560
22564
22572
22573
2258
22581
22588
22598
2260
22609
22617
22620
22622
22626
22628
2263
22630
22636
22637
22645
22669
22671
22672
2268
22687
22689
2269
22691
22693
22706
22708
22738
22739
2275
22753
22760
22781
22782
22786
2279
22799
22800
22808
22810
22817
2282
22821
22825
22828
2283
22848
22852
22854
22870
22872
22881
22884
22892
22907
22929
22933
22938
22940
22955
22956
22960
22964
22975
22976
22985
22990
22991
22997
230
23004
23005
23008
23013
23017
23018
2302
23028
23040
23041
23043
23054
23057
2306
23064
23067
23076
23081
2309
23092
23097
2310
23111
23113
23116
23121
23131
23137
23140
23147
23149
23163
23164
23176
23178
23179
2318
23203
23220
23237
2324
23241
23242
23243
23247
23248
23251
23253
2326
23260
23267
23270
2328
23281
2329
2330
2331
23315
23319
2332
23324
2334
23349
23382
23389
2339
23396
23401
23407
23408
23411
23416
23438
23446
2345
23453
23459
23472
23482
23487
2349
23491
23493
23496
23525
23536
2354
23557
23561
23564
23565
23567
23569
23578
23579
23583
2359
23601
23603
23611
23612
23627
23636
23639
23640
23646
23656
23666
23667
23668
23675
23691
23696
2372
23727
2374
23764
23768
23774
23775
23788
23791
23793
23794
23798
23802
23806
23809
23815
23820
23832
23834
23845
2385
23865
23869
23874
23878
23881
23893
23894
239
23900
23917
23918
23919
23925
23927
23934
23936
23939
23940
23952
23957
23958
23961
23969
240
24001
2401
24026
24029
24030
24052
24055
24061
24079
2408
24082
24083
24086
24087
24095
24097
24099
24101
2411
24126
24127
2413
24146
24153
24164
24172
24174
24175
24179
2420
24201
24212
24213
24215
24224
24226
24230
24251
24253
24268
24274
2428
24281
24292
24297
24329
24355
24359
2436
24362
24367
24369
2437
2438
24384
24394
24404
2441
24429
24451
24454
24456
24459
24460
24470
24473
24502
24530
24539
24542
24547
24553
24563
24570
24572
24577
24582
24588
24590
24595
24608
24612
24625
24631
24635
24656
24657
2466
24661
24668
24669
24670
24672
24680
24683
24695
24699
24708
24710
24712
24716
24719
2472
2473
24732
2474
24742
24748
24756
24757
24761
24771
24772
24780
24797
24819
24839
24846
24849
24854
24855
24860
24863
24866
24880
24883
24889
24890
24898
24900
24905
24916
24919
24927
24941
24944
24949
24950
24960
24974
24977
24978
2498
24980
24984
24985
24989
25
25003
25017
2502
25021
25036
25037
2504
25041
25042
25048
25050
25056
25063
25065
25069
25070
25077
25086
25122
25123
25131
25143
25145
25154
25159
2516
25166
25176
25182
25186
25195
25197
25198
25204
25223
25232
25235
25236
25237
25257
25271
25274
25277
25280
25284
25286
2529
25290
25299
25304
2532
25328
2533
25333
25338
25342
25344
25349
25350
25351
25355
2536
25366
25382
25384
25385
25387
25398
25402
25406
2541
25410
25418
25419
2544
25440
25458
25459
25460
25463
25468
2547
25479
25482
25487
25492
25494
25497
25499
255
25500
25505
25512
25515
25522
2553
25537
2554
25541
25551
25552
25586
25590
25597
25598
256
2560
25603
25607
25611
25615
25620
25621
25626
25629
25631
25635
25636
25640
25645
25649
2565
25652
25665
25666
25672
25680
25681
25688
25707
25712
25718
25719
25727
25737
2574
25746
25752
25769
25774
25775
25779
25786
25806
2581
25810
25815
25821
25823
25827
2583
25834
25841
25852
25854
25855
25859
25864
25876
25878
25880
25885
25890
25891
25895
25897
2590
25910
25914
25917
2592
25924
25925
25933
25944
25952
25977
25980
25983
25991
25993
25994
25998
26004
26007
26008
26009
26017
2603
26033
26036
26039
26041
26054
26060
26065
26073
26080
26083
26084
26094
26095
26096
26097
26106
26109
2611
26123
26130
26134
26152
26159
2616
26162
26164
26167
26174
26175
26176
26178
26181
26183
2619
26192
262
26200
26216
26217
26220
26223
26237
2624
26247
26249
26250
26256
26259
26262
26263
26268
26269
26271
26277
2628
26280
263
26309
26319
26333
26341
26342
26351
26367
26369
26385
26394
26395
26397
26407
26410
26421
26422
26424
26427
26428
26432
26434
26439
2644
26440
26448
26455
26458
2646
26462
26463
26470
26471
26472
26474
26483
26490
2650
26502
26504
26505
26508
26511
26518
2652
26520
26529
26536
26542
26544
26552
26554
26558
26564
26570
26581
26593
26597
26600
26606
26608
26612
26620
26629
26630
26633
26640
26646
26648
26652
26656
26659
26668
26671
26672
26674
26691
26702
26707
26714
26715
26719
26726
26727
26730
26732
26738
26739
26751
26753
26754
26758
26759
26764
26779
26784
26794
268
26802
26822
2683
26835
26838
2684
26840
26843
26861
26865
26866
26869
2687
26884
26890
26894
26895
26897
26900
26901
26904
2691
26915
26929
26932
26935
26937
26945
26952
26954
26957
26972
26975
26985
2699
26991
26992
26993
26996
2700
27001
27009
27014
2702
27025
27035
27037
27043
27049
27057
27059
27065
27070
27086
27091
27101
27102
27104
27107
27111
27114
27115
27118
27120
27130
27134
27143
2715
27158
27159
27167
27173
27180
27181
27187
27190
27193
27196
27198
272
27206
27209
27223
27231
27233
27237
27238
27251
27256
27258
27263
27275
2728
27282
27284
27291
27298
273
27303
27312
2732
27328
27333
27346
27352
27355
27371
27373
27379
27381
27387
27388
27394
27398
274
27406
27418
27427
27435
27453
27460
27461
27466
27468
27475
27477
27488
2749
27493
27494
27497
27503
27504
27506
27507
27513
27521
27522
27526
27531
2754
27540
27545
27547
27549
2755
27562
27567
27569
27573
27576
2758
27588
27589
27593
27595
27601
27607
27610
27614
2762
27620
2763
27636
27638
27641
27643
27646
2765
27659
2766
27664
27669
27676
2768
27683
27687
27689
27711
27718
27721
27724
27727
27729
2773
27732
27761
27763
27780
27781
27784
2779
27800
27801
27804
27806
27807
27824
2783
27830
27834
27842
27846
27862
27863
27871
27874
27876
27878
27880
27894
2791
27911
27921
27926
27934
27936
27945
27954
27957
27962
27964
27968
27980
27993
27995
28001
28005
28006
28007
28008
28013
28026
28028
2803
28032
28038
28040
28043
2805
28052
28053
28057
28059
2806
28070
2808
2809
28091
28094
28099
28105
28113
28134
28145
28146
28151
28155
28160
28169
28176
28183
28192
28200
28201
28212
28215
28217
28220
28239
2824
28241
28243
2825
28254
28257
28258
28259
28263
28271
28276
28282
2829
28290
283
28304
28307
28311
28324
28335
28340
28355
28364
28370
28374
28377
28378
28382
28387
28392
28401
28406
28407
28409
28413
28418
28460
28468
28471
28501
28503
28504
28509
2851
28511
28516
28522
28532
28534
28537
28559
28561
28562
28565
28569
28570
28571
28574
28580
28583
28584
28599
28627
28628
28631
2864
28643
2865
28655
28660
28667
28689
2869
28696
2870
28702
2871
28720
28731
28744
28749
28754
28757
28761
28763
2877
28799
28812
28816
28823
28828
28831
28834
28842
28843
28852
28863
28871
28879
28880
28885
28893
28899
28901
28905
28919
2892
28925
28935
28937
28938
28946
28947
2895
28956
28959
28969
28975
28979
28983
28988
28991
290
29003
29010
29029
29030
29031
2905
29056
29060
29069
29075
29085
29086
2911
29117
29132
29136
29148
29152
29161
29165
29167
29183
292
29207
29208
29209
29216
29226
29232
29234
29235
29243
29257
29267
2927
29272
29277
29299
29303
29313
29314
29319
29322
29323
29324
29329
29341
29342
29343
29344
29345
29350
29354
29358
29362
29367
29400
2941
29413
29414
29422
29426
2943
29432
29451
29454
2946
29470
29485
2949
29490
29508
2951
29510
29511
29514
29516
29522
29525
29531
29536
29537
29545
29558
29565
29567
29573
29592
29594
29595
29597
29598
29605
29608
29629
29631
29636
29641
29643
29648
29655
2966
29669
29674
29685
29707
29708
29709
29712
29739
29751
29755
29763
29767
2977
29775
29805
29810
29823
29832
29847
29849
29851
29868
29870
29875
29882
29884
29885
29886
29887
29888
29890
29902
29904
29909
29918
2992
29921
29922
29933
29944
2995
29952
29959
29989
3000
30004
3001
30011
30019
30023
30030
30032
30036
30049
3005
30050
30063
3007
30073
30079
30096
30107
3011
30110
30111
30116
30133
30148
30156
30159
30165
30170
30176
30185
30186
3022
30221
30223
30224
30229
30233
30249
30284
30295
30296
30312
30314
30321
30322
30326
30330
30333
30335
30338
3034
30346
30348
30373
30380
30383
30399
30401
30404
30406
30407
30427
30430
30460
30472
30482
30485
305
30511
30512
30543
30551
30561
30568
30585
30587
30598
30599
30608
30612
30614
30616
30645
30648
30649
30655
30680
30689
30690
30716
30725
3073
30735
30743
30752
30755
30759
30760
30761
30770
30772
30785
30792
30794
30796
3080
30805
30810
30826
30829
30847
30852
30857
30865
30870
30872
30877
30879
30903
30914
30952
30954
30958
3097
30993
31001
3101
3102
31030
31041
31046
31051
31062
31079
3108
31083
31087
31099
31125
31128
31131
31138
31141
31145
31146
31148
31160
31179
3118
31191
31195
31211
31217
31223
31239
31240
31244
31249
31250
31251
31253
31258
31271
31284
31286
31288
31309
3132
31323
31327
31351
31356
31358
31360
31376
31378
31381
31394
3146
31466
31468
31469
31470
31474
3148
31480
31485
31492
31496
31500
31505
31507
3151
31515
31517
31518
3152
31522
31524
31525
31526
3153
31534
31536
31537
31538
31539
31545
31550
31567
31569
3157
31570
31573
31574
31575
31577
31595
31604
31614
31616
31622
31626
3163
31652
31653
31667
3167
31683
3169
31695
31696
3170
31701
31705
31709
31720
31726
31728
31736
31743
31745
31750
31751
31768
31773
31775
31779
31789
31814
31818
31819
31825
31830
3184
31842
31849
31852
31854
31855
31857
31858
3186
31861
31863
31866
31870
31879
31895
31897
31898
31902
31909
31919
31921
31926
31933
31934
31947
31956
31957
31968
31976
31984
31993
320
32002
32011
32028
32035
32037
32039
32044
3205
32063
32064
32086
32088
3209
32095
32097
3210
32119
32123
32132
32133
32137
32150
32151
32162
32200
32215
32223
32228
32248
32252
32255
32271
3228
32285
32288
32291
32307
3231
32311
32321
32326
32330
32337
32343
32344
32353
32356
3236
32392
32399
32424
3243
32439
32441
32449
32450
32458
32470
32473
32477
32484
32487
32490
32496
32505
32512
32525
32548
32552
32553
32560
32563
32564
32570
32573
32576
32583
32598
3261
32610
32624
3263
32639
3264
32641
32647
3266
32666
32672
32689
32701
32714
32718
32728
32730
32740
32747
32748
3275
32754
32755
3277
32771
32776
3278
32809
32813
32814
32827
32832
32840
32864
32883
32892
3290
3291
32910
32919
32925
32955
32970
32973
32974
3299
33007
33026
33029
33047
33048
33056
33058
33061
33067
3307
33078
33080
33084
33088
33089
33093
33097
33108
33111
33113
33119
33120
33127
33142
33147
33155
33161
33173
33188
33189
33203
33211
33219
33233
33240
33259
33277
33279
33289
33323
33324
33328
3333
33349
33358
33363
33364
33368
33374
33385
33387
33391
33393
33400
33419
33430
33436
33438
3344
33442
33457
33472
33485
33496
33503
33504
33510
33511
33515
33530
33532
33541
33542
33550
33552
33556
33566
33590
336
33600
33601
33606
33608
33619
33634
33638
33648
33656
33662
33669
33677
33683
33687
33688
33691
33697
33701
33704
3372
33721
33723
33727
33728
33734
33738
33745
33748
33760
33769
33776
33782
33783
33788
33792
33821
33825
33826
33828
33831
33833
33834
33836
33838
33839
33843
33852
33855
3386
33872
33874
33880
33884
33894
33899
33900
33901
33911
33913
33915
33926
33936
33946
33948
3395
33958
3396
33967
3397
33976
33986
33990
34002
34007
34008
34009
34010
34013
34015
3402
34021
34024
34035
34040
34042
3405
34052
34067
34076
34079
3408
34080
34087
34088
3409
34097
34109
34118
3413
34132
34134
34137
34140
34148
34150
34157
34158
34161
34166
34168
34176
34186
34207
34209
34212
34213
34218
34219
34220
34229
34237
34243
34257
34268
34271
34280
34284
34285
34290
34291
34298
343
3430
34308
34312
34314
34317
34337
3434
34350
34358
34363
34372
34374
34375
34381
34383
34389
34391
34397
34405
34415
34416
3442
34420
34441
34442
3445
34453
34457
34462
34467
34472
34477
34478
3448
34480
34482
34483
34484
34486
34487
34489
34491
34493
34494
34500
34512
34516
34523
3453
34542
34550
34551
34568
34571
34572
34581
34584
34588
34589
34591
34608
34609
34612
34614
34615
34618
34620
34621
34625
34626
34627
3463
34630
34637
34651
3467
34670
34673
34674
34689
34690
34692
34697
347
34704
34719
34722
34723
34727
34728
34731
34734
34738
34740
34744
34745
34759
34765
34768
34771
34779
34782
34784
34792
34797
34814
34816
34819
3482
34823
34835
34836
34848
34849
34859
34866
34873
34876
34878
34881
34882
34885
34889
3489
34903
34906
34922
3493
34953
34954
34964
34965
34966
3497
34975
3498
34980
34983
34990
34992
35008
35009
35011
35012
35013
35026
35029
35034
35036
35039
35049
3505
35051
35062
35063
35065
35072
35073
35088
35090
35096
35101
35103
35118
35138
35143
35146
3515
35150
35160
35163
35165
35166
3517
35198
35201
35204
35211
3522
35220
35223
35224
35228
35236
35240
35242
35244
35246
35264
35268
3527
35273
35274
35277
35278
3528
35283
35295
35301
35302
35306
35309
3531
35310
35314
35323
35325
35328
35332
35333
35336
35340
35351
35356
3536
35363
35366
35368
35378
35381
35387
35390
35391
35392
35402
35405
35411
35423
35444
35460
35464
35469
35479
35483
35484
35494
35496
35503
35507
35513
35514
35516
35528
35533
35541
35550
35563
35568
35572
35587
35589
35593
35594
35595
356
35612
35614
35625
35626
35634
35637
35641
35642
35646
35649
3565
35660
35662
35664
35665
35668
35672
3568
35682
35686
35688
3569
35690
35698
35703
35706
35709
3571
35714
35716
35723
35736
35745
35746
35747
35748
35756
35759
35761
35766
35768
35772
3579
35790
35792
35798
35800
35808
35811
35812
35813
35814
35817
35818
3582
35822
35832
35842
35848
3585
35863
35867
35868
35881
35885
3589
35891
35892
35895
35898
3590
35902
3593
35930
35932
35934
35944
35946
35947
35949
3595
35954
35955
3596
35960
35961
35970
35977
35986
35987
360
36003
36004
36007
36008
36011
36013
36022
36025
3604
36043
36044
36049
36050
36057
3606
36060
36061
36068
36075
36080
36083
36097
361
36105
3611
36110
36115
3612
36120
36123
36124
36131
36132
36147
36148
36163
36164
36165
36168
36171
36175
36182
36189
36192
36193
36198
3620
36200
36203
36204
36207
36208
36221
36226
36228
36232
36233
36236
36242
36250
36254
36256
36260
36269
36275
36279
3628
3629
36295
3630
36301
36306
36318
36323
36326
36327
36333
36337
36338
36339
36342
36343
36344
36349
3636
36366
36368
36376
36379
36387
36390
36391
36394
36395
36398
36406
36409
36413
36415
36416
3642
36424
36434
36436
36437
36438
3644
36443
36449
36454
36461
36467
3647
36475
36492
36493
36494
36527
36530
36533
36535
36539
36540
36542
36543
36544
36547
36549
36556
36562
36572
36575
36577
36578
36585
36587
3659
366
36601
36618
36624
36641
36643
3665
36658
36661
36666
36675
36679
3669
36690
367
36700
36702
36708
36720
36721
36723
36724
36733
36740
36756
36759
36761
36762
36765
36768
36769
36771
36778
36789
36790
36794
36800
36820
36828
36851
36852
36861
36870
36880
36883
36888
36899
36901
36909
36915
36920
36925
36938
36940
36941
36945
36950
36952
36962
36978
36980
36988
36989
36992
36998
3700
37000
37003
37005
37012
37022
37025
37033
37040
37041
37043
37058
37059
37063
37071
37072
37080
37081
37082
37088
37090
37091
37099
37100
37102
37106
37108
3711
37126
37129
37136
3714
37141
3715
37154
37156
37158
3716
37160
37161
37165
37166
37167
37169
37170
37173
37175
37176
37181
37183
37185
37186
37189
3719
37190
37192
37194
37199
372
37203
37209
37212
37214
37220
37222
37230
37241
37245
3725
37252
37253
37255
37257
37262
37263
37265
37268
37271
37272
37279
37280
37284
37285
37286
37288
37293
37297
3730
37301
37304
37311
37320
37321
37325
37331
37333
37354
37356
37365
37367
37370
37371
37376
37384
37390
37393
37400
37405
37409
37413
37431
37440
37443
37449
3745
37451
37452
37453
37459
37463
37475
37479
37487
37488
37493
37495
37500
37510
37513
37514
3752
37522
37529
3753
3754
37540
37549
3756
37566
37569
37577
37582
3759
37591
37600
37603
37604
37613
37629
37633
3764
37641
37647
37648
3765
37652
37656
37658
37664
37680
37687
37689
37690
37692
37695
37704
37721
37723
37724
37726
37727
37736
37737
37738
37746
37750
37757
37761
37765
37766
3777
37773
37774
37775
37779
37792
37812
37824
37827
37833
37836
37843
37844
37848
37849
37863
37864
37869
37872
3788
37881
37890
37893
37895
37905
37909
37910
37913
37922
37938
37942
37948
3795
37951
37957
3796
37969
37971
37982
37986
37992
38
3800
38003
38009
38011
38013
38018
38028
38039
38047
38048
3805
3806
38060
38062
38065
38075
38080
38083
3809
38092
38094
38096
38098
38103
38111
3812
38120
38125
38126
38127
38129
3813
38139
38140
38141
38144
3815
38152
38154
38156
38157
38159
38163
38165
38166
38167
38168
38173
38175
38181
38185
38189
38192
38195
3820
38200
38203
38205
38215
3822
38220
38226
38230
38233
38236
38238
38239
38246
38254
38255
38266
38270
38271
38273
38278
38279
38282
38292
38296
383
38300
38306
38308
3831
38312
38314
38324
38330
38332
38339
38343
38347
38351
38360
38364
38366
38371
3838
38381
38383
38385
38392
38395
38400
38404
38406
38411
38414
38419
38425
38426
38429
38433
38438
38452
38453
38454
38456
38457
38465
38468
38470
38484
38487
38489
38490
38494
38498
385
38508
38515
38520
38521
38530
38535
38540
38541
38543
3855
38550
38558
38559
38562
38563
38566
38567
38572
38579
386
38600
38601
38603
38607
38612
38625
38626
38629
38637
38645
38646
38655
38661
38676
38679
38687
38689
38692
38693
38701
38710
38711
38717
38719
38722
38726
38730
38731
38745
38746
38747
38749
38751
38752
38755
38758
38764
38768
38779
38786
38787
38788
38801
38808
38812
38815
3883
38838
38839
3884
38842
38847
38850
38857
38858
3886
38862
38863
38873
38880
38883
38885
38891
38892
38898
389
38903
38904
38911
38912
38915
38916
3892
38925
38926
38929
3893
38945
38955
38969
3897
38977
38985
38988
38995
39002
39008
39015
39023
39028
39029
3903
39031
39034
39045
39046
39049
39059
39062
39066
39067
39069
39076
3908
39081
39092
39095
39098
391
39101
39103
39115
39132
39135
39140
39148
39149
39154
39156
39175
39177
3918
39182
39185
39188
39203
39209
39212
39213
39219
39221
39233
39239
39259
39269
3927
39271
39286
3929
39291
39310
39319
39322
39324
39345
39360
39364
39369
39392
39398
3941
39417
39418
39425
39427
39431
39433
39437
39446
39447
39459
39461
39462
39466
39476
39480
39486
3949
39494
39495
39501
39503
39507
39510
39513
39535
39553
39555
39571
39577
39578
3958
39581
39585
39586
39593
39597
39601
39609
3961
39618
39625
39638
39640
39651
39653
39658
3966
39664
39673
39682
39686
39694
39706
39720
3973
39731
39741
39747
39748
39749
39752
39779
39785
39789
39790
39792
39799
39800
39804
39807
39815
39822
39824
39828
39842
39851
39857
39865
39868
39870
39880
39885
39902
39914
3992
39920
39928
39932
39933
39935
39941
39947
39959
39966
39967
39968
39980
39991
4000
40005
40006
40007
40010
40012
4002
40022
40029
40032
4004
40050
40056
40063
40068
4007
40080
40083
40087
4010
40110
40111
40112
40122
40124
40125
40127
40132
40138
4014
40146
40151
40153
40155
40158
40161
40162
40165
40168
4017
40179
40183
4019
40190
40195
4020
40201
40203
40206
40207
4021
40211
40217
40219
40228
40233
40236
40246
40248
4025
40253
40257
40262
40263
4027
40273
40274
4029
40290
40293
40295
40304
4031
40310
40311
40313
40315
40322
40323
40327
40330
40339
40346
40352
40359
4036
40362
40369
4037
40375
40388
40402
40407
4041
40410
40420
40423
40428
40430
40446
40448
40451
40453
40454
40456
40462
40467
40476
40485
40500
40505
40513
4053
40530
40535
40546
40548
40555
4056
40569
40583
40587
40589
40593
40596
40599
4060
40601
40603
40605
40607
40613
40617
40622
40625
40639
4064
40642
40643
40650
40651
40654
40655
40657
40659
40664
40671
40672
40674
40681
40692
40696
40700
40704
40705
40710
40711
40713
40716
40718
40722
40737
40739
40751
40753
40755
40756
40771
40773
40786
40789
40790
40802
40808
40809
40810
40811
40819
40832
40854
40867
40873
40875
40876
4088
40880
40904
40906
40910
40912
40916
40918
40924
40935
40936
40937
40943
40952
40953
40955
40957
40962
40969
40977
40978
40980
40990
40991
40992
4100
41004
41015
41020
41035
41039
41042
41046
41056
41062
41063
41066
41070
41075
41077
41079
41081
41089
41096
41099
411
41106
41107
41110
41114
41116
41126
41129
4113
41135
41136
41141
41144
41154
41155
4116
41160
41165
4117
41170
41194
41202
41203
41205
41210
41218
41219
41220
41221
41231
41238
41241
41242
41254
41255
41259
41268
41270
41271
41273
41274
41276
41283
41285
41288
41293
41300
41305
41306
41310
41329
4133
41334
41346
41359
4136
41360
41361
41363
41367
41377
4138
41380
41385
4139
41394
41396
41405
41407
41412
41422
41426
41440
41442
41444
41451
41460
41461
41468
41473
41476
41479
41482
4149
41493
41494
41498
41502
41503
41508
41517
41520
41528
41532
41537
41547
41549
4155
41551
41565
41567
41572
41575
4158
41586
41591
41595
416
41601
41607
41616
41625
41626
41631
41635
4164
41640
41653
41665
41667
41668
41671
41673
4168
41685
41687
41695
41698
41703
41705
41707
41717
41719
41722
41725
41729
41733
41735
41740
41749
41756
41769
41772
41785
41791
41793
41800
41802
41806
41808
41815
41819
41832
41835
41837
41838
41841
41843
41845
41847
41848
41857
41859
41863
4187
41873
41878
4188
41881
41887
41895
41897
41900
41902
41907
4191
41912
41919
41927
41929
41932
41939
41940
41957
41964
41966
41971
41993
420
42022
42028
42033
42041
42048
42051
42056
42060
42061
42065
42068
42069
42076
42080
42082
42087
4209
42101
42109
4211
42111
42112
42113
42114
42119
4212
42120
42122
42123
42131
42151
42165
42167
42168
42174
42178
42184
42189
42190
42191
42192
42198
4220
42210
4222
42222
42224
42227
42228
42231
42240
42247
42250
42266
42269
42282
42283
42298
42305
42308
42311
42315
42318
42324
42325
42329
42348
4235
42357
42358
42362
42369
4237
42371
42378
42385
42395
42396
42402
42406
42411
42435
42437
42439
42440
42441
42442
42443
42444
42446
42454
42456
4246
42471
42473
42479
42480
42481
42494
42495
425
42500
42502
42503
42504
42514
42523
42530
42532
42535
42536
42539
42543
42544
42545
42552
42556
42557
42561
42578
42579
42587
4259
42590
42599
42612
42619
42620
42625
42638
4265
42651
42653
42655
42657
42658
42660
42661
42662
42665
42667
42669
4268
42682
42688
42689
42700
42701
42707
42709
42713
4272
42724
4273
42737
42738
42740
42747
42754
42757
42767
42768
42771
42776
42782
42797
42799
42802
42804
42812
42813
42835
42837
42843
42856
42863
42866
4287
42881
42883
42897
42898
42900
42908
42909
42911
42912
42916
42927
42931
42933
42934
42943
42952
42969
4297
42978
42981
42982
4299
42998
42999
430
4300
43005
43024
43035
43039
43043
43049
43053
43061
43069
43080
43086
43088
43097
431
43105
4311
43114
43119
43137
43143
43144
43153
43156
43157
4316
43161
4317
43176
43183
43185
43191
43195
432
43202
43205
43222
43226
4323
43238
43244
43248
43250
43252
43258
43260
43264
43268
43278
4328
43281
43284
43288
43290
43292
43293
43308
4331
43322
43323
43326
4334
43345
43352
43356
43357
43360
43363
43367
43368
43374
4338
43385
43400
4341
43415
43422
43426
43437
43439
43440
43443
43445
43447
4347
43475
43479
43480
43482
43487
43493
43496
43499
43510
43516
43519
43528
43549
43550
43552
43557
43560
43562
43568
43570
43572
43583
43590
43604
43605
43608
43610
43611
43619
43620
43628
43629
43636
43642
43650
43655
43663
43665
43666
43680
43686
43690
43691
43693
43694
43699
43713
43721
43723
43726
43729
43730
43735
43741
43754
43757
43762
43763
43765
43770
43771
43778
43782
43783
43787
4379
43796
4380
43806
43809
4381
43810
43815
43820
43822
43830
43839
43844
43845
43847
43849
43850
43857
43859
43864
43867
4387
43870
43871
43875
43878
43894
43903
43913
43919
43920
43926
43938
43939
43940
43943
43949
43957
43962
43963
43967
43968
43985
43989
43990
43995
43996
44003
44006
44011
44015
44018
44026
44030
44037
44039
44047
44052
44054
44058
44063
44064
44068
44091
44093
44099
4410
44102
44108
44115
44118
44120
44122
44125
44128
44129
4413
44135
44137
44138
44148
4415
44153
44160
44164
44168
44169
4417
44180
44186
44189
44190
44193
44195
44202
44222
44232
44235
44238
44239
44251
44255
44265
44268
4427
44271
4428
44280
44285
44288
44291
44292
44293
44294
44295
44296
443
44305
4431
44328
44329
44335
44336
44355
44359
44361
44372
44374
44400
44402
44405
44417
44421
44425
44426
44429
44434
44436
44437
44442
44452
44459
44466
44473
44477
44479
44482
44488
44497
44498
44503
44504
44511
44517
44519
44524
44525
44528
44538
44543
44547
4456
44560
44563
44564
44568
44573
44574
44577
44580
44583
44584
44589
44599
44602
44608
44609
44611
44617
44618
44619
4462
44624
44628
4463
44632
44638
44641
44654
44666
44667
44673
44674
44680
44683
44694
44696
447
44702
44712
44714
44724
44726
44736
44741
44742
44745
44750
44763
44776
44777
44778
44782
44784
44786
44788
44790
44793
4480
44804
44805
44809
44814
44826
44830
44832
44835
44846
44847
44853
44856
44862
44863
44868
44876
4488
44890
44898
44906
44913
44914
44933
44941
44943
44951
44960
4497
44978
44979
44986
44990
44997
45000
45004
45011
45014
45018
45019
4502
4504
45041
45052
45053
45055
45059
45063
45064
45073
45075
45077
45099
45104
4511
45110
45116
45119
45123
4513
45131
45132
45147
45151
45157
45160
45164
45169
45170
45172
45178
45182
45201
45202
45207
4521
45216
45218
45228
45239
45246
45248
45261
45262
45272
45275
45278
45289
4529
45292
45295
45300
45305
45309
45310
45317
4532
45320
4533
45333
45334
45337
45339
45347
4535
45350
45357
45359
45362
45364
45369
45379
45382
45388
45391
45398
45403
45406
45411
45415
45417
45419
45425
45426
45429
45433
45437
45443
45455
45456
45457
45472
45476
45477
45485
45491
45492
45496
4550
45500
45501
45502
45507
4551
45520
45546
45550
45555
45570
45573
45579
45588
45589
45594
45595
4560
45606
4561
45623
45626
45629
45630
45633
45635
45636
45638
45640
45644
45646
45657
45659
45661
45666
4567
45672
45678
45679
4568
45689
45690
45695
45702
45703
45725
45727
45728
45747
45748
45750
45755
45756
45762
45764
45766
45767
45775
45776
45781
45784
45785
45787
45791
45794
45797
45798
45801
4581
45815
45832
45843
45851
45855
45856
45861
45868
45873
45889
45891
45903
45904
45907
45909
4591
45910
45916
45920
45933
45941
45942
45946
4595
45950
45959
45962
45970
45976
45980
45981
45996
45999
46000
46006
46008
46010
46011
46016
46025
46030
46036
46052
46055
46060
46061
46065
46074
46075
46078
46083
46086
4609
46091
46093
46097
46107
46111
46120
46128
46134
4614
46149
46155
46157
46160
46161
46165
46169
46173
46179
46195
46211
46213
46223
46225
46226
46232
46234
46235
4624
46241
46243
46253
4626
46275
46277
46278
4628
46286
46287
46292
46297
4630
46306
46314
46319
46320
46325
46333
46338
46341
46344
46347
46351
46356
46357
46358
46361
46367
46369
46372
46374
46376
46377
46382
46384
46386
46388
46390
46391
46402
46403
46410
46413
46426
46429
46430
46435
46438
46442
4645
46451
46458
46462
46464
46467
46470
46477
46479
46485
46486
46487
46489
4649
46499
4650
46514
46518
46519
46527
46529
46534
46536
46547
46558
46564
46565
46572
46573
46578
46587
4659
46590
46593
46594
46609
46622
46630
46631
46634
46636
46640
46642
46644
46648
46650
46653
46654
46657
46658
46667
46669
46673
4668
46681
46682
46689
46693
46696
46698
46699
467
46702
46732
46733
46734
46736
46740
46741
46744
46748
46760
46764
46765
46774
46779
46789
4679
46812
46818
46825
46826
46827
46829
46842
46844
46847
46853
46854
46864
46869
46875
46878
46880
46887
46890
46893
46908
46916
46917
46921
46924
46931
46948
46956
46957
46961
46962
46964
46965
46968
4697
46979
46982
46984
46985
46986
46991
46994
46997
47003
47018
47019
47023
47024
47025
47030
47042
47043
47047
47052
4706
47060
47065
47072
47078
47079
4708
47087
47089
4709
47093
47097
47100
47101
47113
47120
47123
47127
47128
47136
47138
47139
4714
47142
47143
47144
47145
47148
47162
47165
47170
47177
4718
47183
47191
47199
47206
47209
47211
47221
47227
47245
47248
4725
47251
47255
47258
47259
47262
4727
47270
47281
47282
47283
47284
47285
4729
47291
47295
47300
47302
47304
47312
47318
47323
47327
47329
47334
47339
47345
47355
47361
47374
47376
47380
47390
474
47400
47411
47415
47420
47430
47431
47433
47436
47440
47444
47445
47446
47449
47452
47455
47462
47469
47470
47472
47479
47482
47484
47496
47498
47502
47503
47518
47524
47533
47544
47547
47561
47566
47573
47578
47580
47586
47588
47598
47599
476
47610
47612
47614
47616
47641
47646
47648
47656
47658
47660
47664
47671
47673
47686
47687
47692
47697
4770
47703
47705
47709
4771
47713
47717
47718
47721
47726
47748
4775
47754
4776
4777
47775
47776
4778
47783
47786
47788
47794
478
4780
47800
47803
47815
47816
47817
47818
47820
47821
47823
47825
47830
47833
47842
47847
47849
47851
47853
47868
4787
47879
47883
47885
47897
4790
47909
47912
47917
4793
47936
47937
47944
47947
47955
47959
47968
47969
4797
47975
47994
47995
47998
48001
48006
48014
48021
48025
48028
48031
48039
48042
48044
48048
48058
48060
48064
48065
48066
4807
48072
48098
481
48105
48111
48115
48119
48120
48121
48123
48129
48151
48162
48171
48174
48176
48185
48188
48190
48197
48198
48199
482
48202
48210
48219
48223
48231
48237
48242
48245
48256
48261
48263
48276
48279
48283
48295
48296
48298
48307
48308
48309
48312
48316
48319
4832
48322
48326
48331
48339
48341
48342
48351
48357
48358
48360
48363
48368
48373
48376
48386
48392
48398
48412
48414
48418
48425
48427
48431
48432
48457
48458
48460
48472
48479
48481
48496
48499
4850
48510
48515
48520
48524
48528
48534
4854
48546
48548
48551
48556
48575
48578
486
48602
48605
48608
48609
48611
48614
48621
48626
48635
48639
48640
48644
48662
48664
4868
48681
48693
487
48700
48703
48717
48718
48721
4875
48750
48751
48764
48772
48777
48779
4878
48781
48782
48787
48799
48800
48812
48813
48823
48836
48838
4884
48842
48844
48847
48850
48856
48857
48859
4886
48867
4888
48881
48884
48890
48891
48895
48897
4890
48902
48905
48910
48914
48920
48932
48933
48934
48946
48949
48953
48956
48957
48960
48962
48972
48977
48986
48988
48992
48997
49
49000
49005
4901
49011
49012
49013
4902
49022
49024
49030
49031
49038
49040
49044
49049
49052
49055
49058
49059
49065
49066
49067
49073
49085
49087
49090
49098
4910
49107
49116
49119
49127
49135
49139
49145
49146
49149
49151
49152
49154
49156
49157
49159
4916
49163
49166
49173
49178
49189
49193
49199
49202
49205
49215
4922
49222
4923
49231
49235
49236
49254
49257
49258
4927
49270
49272
49273
49274
4928
49287
49288
49298
4931
49314
49317
49323
49324
49325
49327
49328
49333
49345
4935
49388
49393
49396
494
49402
49408
49411
49413
49422
49437
49438
49444
49465
4947
49479
49484
49494
49509
49513
49516
49521
49523
49533
49535
49538
49548
49553
49554
49558
49563
49565
49566
49573
49580
49596
49599
49602
4961
49610
49614
49615
49621
49627
49636
49639
49640
49645
49649
4965
49650
49653
49663
49665
49666
49674
49675
49678
49679
49680
49682
49684
49693
49695
49698
49700
49706
49725
49726
49733
49741
49746
49748
49757
49762
49767
49768
49770
49772
49780
49785
49786
49790
49791
49801
49805
49813
4982
4984
49841
49845
49847
49855
49859
49860
49863
49875
49876
49877
49879
49880
49891
49893
49894
49900
49906
49909
49914
49916
4992
49920
49922
49924
49937
49938
49950
49954
49955
49962
49968
49974
49975
49988
49990
49992
49993
49999
50002
50003
50009
50013
50016
50019
5003
50030
50031
50039
50047
5005
50052
50054
50055
50056
50064
50065
50068
50070
50073
50075
5008
50080
50085
5009
50098
50099
501
50102
50110
50113
50114
50137
50140
50146
50151
50153
50207
50219
50305
50318
50327
5033
5037
50372
50394
50398
50413
5046
50480
50491
50555
5065
50664
50705
50733
50741
5075
5079
50818
50820
50824
5088
50888
5090
50924
5096
510
51014
51018
51028
51057
5106
51063
51069
51072
5109
51107
51132
5115
51158
5117
51203
5123
51278
51297
513
51312
51349
5137
51417
5144
51450
5147
51525
51540
51606
5162
5163
517
5178
5179
51790
518
51842
5185
5186
519
5191
51926
51940
51959
51962
52001
5203
5204
52068
52093
52115
52159
5216
5217
52185
52189
52202
52258
52282
52386
52395
524
52445
52500
5251
5252
52531
52542
52558
5256
5258
52602
52623
52626
52652
52657
5270
5272
52744
52844
5286
52928
5293
52949
52952
52971
5303
53039
53053
5308
53110
53120
53127
5316
53184
5323
53234
53275
53299
5332
53395
534
53432
53451
53472
53487
53498
53520
53526
5353
53588
53590
53607
5361
53632
5367
53678
53719
53722
53731
53733
53736
5379
53790
53792
53795
538
5382
5385
53850
53874
5388
539
53919
53940
53942
53959
53978
5399
54040
5405
5406
5410
5414
54160
54167
54192
54196
543
54301
54331
54379
54381
54419
5442
54459
5447
5450
54531
54547
5460
5463
5465
54665
54705
54725
54729
5476
5478
54802
5489
5491
5493
5496
5498
55065
5507
55092
551
5510
5519
552
5523
55251
5531
5535
554
5541
55465
555
5552
55521
5553
5558
556
5564
55662
55665
5569
5571
558
55926
55963
5605
56061
56123
5616
5619
5620
5621
5622
56226
5623
56261
56318
5636
5645
5647
5648
56596
5664
56658
5666
5672
5678
5687
5701
5710
5728
5731
5734
5745
5758
5760
5774
5779
5787
5796
5800
5815
5818
5827
5829
5834
5836
5842
5846
5847
5848
5852
5854
5860
5862
5874
5884
59
5900
5908
5922
5928
5931
5934
5937
5939
5944
5945
5961
5983
5984
59888
5994
5996
6002
6003
6008
6009
6010
6022
6026
6032
604
6040
6047
606
6062
60626
6068
6070
6078
6081
6082
6086
6095
6096
6098
6126
6130
6132
6154
6162
617
6174
619
6207
6208
6216
6220
6227
6236
6239
6249
6252
626
6262
6264
6275
6287
6289
629
6304
6305
6316
63335
634
6340
6351
6352
6363
6375
6382
6385
6399
64
6407
6417
6425
6428
6430
6432
6440
6447
6448
6450
6452
6454
6464
6465
6468
647
6474
6476
648
6482
6489
6498
650
6502
6505
6518
652
6526
6566
6568
657
6571
6582
6586
6597
661
6622
6638
6640
6645
6647
6650
6653
666
6669
6679
668
6680
6684
6686
6705
6707
6719
6726
6731
6738
6746
6751
6768
6769
6773
6776
6782
68
6800
6803
6806
6818
6823
6836
6845
685
6854
6860
6869
6870
6890
6894
6902
6908
6925
693
6942
6949
697
6977
6982
6989
6998
7
7002
7005
7009
701
7015
7020
7027
703
7031
7035
704
7040
7043
7047
7048
7050
7051
7054
7057
7060
708
7080
7086
7087
7088
7089
709
7090
7094
7096
71
7110
7117
712
7122
7123
7128
7137
7140
7144
7162
7163
7167
7170
7176
718
7186
7198
7203
7206
7220
7222
7227
7228
7229
7230
7249
7263
727
7273
7277
7281
73
7303
7309
7320
7336
7337
7342
735
7353
7365
7366
737
7370
7379
7381
7386
7388
7411
7413
742
7427
7439
7442
7443
7444
745
7452
7455
7460
7473
7475
7480
7492
7496
75
7518
752
7522
7538
7542
7561
7564
7568
7575
7577
7578
7583
759
7590
76
7605
761
7610
7612
7613
7615
7620
7625
7627
7629
763
7632
765
7656
7657
7680
7686
7694
7703
7709
7711
7718
7720
7721
7724
7725
7729
7732
7742
7747
7756
7762
7764
7766
7767
7780
7785
7791
7797
7798
78
7801
7806
7810
7811
7813
7814
7817
7824
7825
7833
7838
7854
7860
7861
7867
7871
7874
7882
7889
7891
7895
7915
7916
7917
7920
7927
7929
7930
7932
7933
795
7952
7973
7993
7994
7998
8013
8019
802
803
8038
8042
8045
8060
8081
8087
8088
8089
8090
8095
8096
8097
8106
8107
8109
8117
8120
8134
8138
814
8162
8180
8189
819
8193
8195
82
820
8200
8204
822
8221
8222
8223
8224
8231
8235
8247
8249
8253
8289
8297
830
8306
8313
8314
8317
8323
8329
8331
8335
8336
8337
8343
8345
8347
8357
836
8361
8368
8371
8378
8388
8389
8390
8394
8395
8399
840
8401
8406
8415
8416
8417
8418
8420
8424
8425
8431
8437
8444
8446
8448
8453
8456
8465
8469
8470
8473
8477
8494
85
8504
8512
8519
8529
8537
8541
8542
8544
8545
8548
8555
8564
8569
8576
8578
858
8581
8584
8589
8591
8593
8594
8608
8611
8625
8647
8653
8657
8658
8662
8665
8666
8682
870
8709
8723
8726
8745
8746
8747
8761
8763
8771
8782
8783
8786
8788
8789
88
8800
8807
8815
8816
8817
8824
8830
8834
8835
8836
8841
8842
8845
8846
8850
8899
890
8902
8910
8912
8917
8920
8924
8926
8934
8937
8941
8956
8960
8968
8969
897
898
8992
9
9016
9019
902
9022
9041
9044
905
9063
9068
9070
9079
9082
9086
9096
9098
9099
9109
911
9129
9131
9136
9137
9147
9152
9155
9156
9165
9167
9176
9177
9178
9181
9184
9185
9186
9190
9201
9204
9209
9222
9229
923
9231
9239
9245
9248
9250
9252
9253
9258
926
9263
9266
9277
9281
9282
9284
9291
9297
930
9300
9301
9312
9317
9318
9324
9326
9332
9335
9343
9345
9349
9358
9359
9361
9362
9365
9388
9389
939
9390
9395
9399
9404
9412
9414
9418
9419
9429
943
9432
9433
9435
9438
9443
9444
9447
9449
9451
9453
9456
9457
9461
9466
9469
947
9476
9482
9485
9498
9502
9503
9505
9506
9507
9512
9527
9539
9543
9544
9554
9561
9562
9567
9575
9584
9602
9604
9613
9617
9618
9619
9622
9626
9630
9632
9638
9642
9656
9659
966
9668
9672
9684
9687
9691
9695
9696
9699
9701
9706
971
9712
9714
9719
9729
9733
9739
9743
9746
9750
9763
9770
9772
9773
9777
9786
9808
9813
9819
9821
983
9830
9833
9836
9841
9853
9857
9858
9870
9874
989
9890
9892
9893
9914
9923
9930
9937
9947
9963
9986