2473192
2937015
3255176
3110048
2076442
3758901
6549008
5694239
5291624
3800139
3440184
2199367
3691453
3016815
4812537
3631183
3791389
2245206
4039779
3086869
2468650
5022277
3747521
3048700
2523135
3029457
3646562
2645508
2927703
3142354
2808032
3306735
4916525
3504202
4137911
3495400
1961294
-nan
4661699
4147822
4864411
4076545
3737101
4332781
4162902
3309272
3807454
3134738
2503625
3106846
3372281
2649848
3036050
2333584
3742895
3009275
3109124
2252448
1311987
2885627
1138526
1362386
874690
1480188
563028
2151762
578591
539705
1010856
437472
578186
355018
5825946
3815390
5803141
1114
4039842
2336383
4033436
3864586
7069859
4525205
3666663
5791989
4784237
5641450
4831675
3555024
4659426
3083761
5152585
6131307
4614041
4819847
4056569
3752341
8336214
4707310
6852956
6470888
1717981
2968140
5769259
4631204
1962002
1585848
4324878
6716657
2722559
2712287
3432097
2640637
3094421
5191269
3817109
3712357
2820366
4019476
3295834
3861430
5328677
3311770
4659273
3172787
3494966
2039080
3618428
3057343
6158191
3842521
2587646
4038365
